題目,作答,立意,結構,修辭,敘述,啟發,總分
"甲
我們的感情是冰箱，打開來看，明亮可喜，關起門後是嗡嗡的黑暗。什麼都不會壞掉，埋在霜雪的角落。我們的感情是冰箱，有時很滿有時很空，一切都可以保存很久，冷冷的，可是很新鮮，看起來都像昨天。（柯裕棻〈冰箱〉）
乙
農曆年前我媽換了新冰箱。雖然舊的其實也還好，十數年如一日修長高冷玉面如銀，該凍肉時凍肉，該製冰時製冰，門沒關緊永遠忠實地響警告聲。燈泡甚至沒有壞過一次。只是我媽長期嫌它不得力，冷藏室裝一隻生雞一鍋燉肉就周轉不過來，胃口那樣地小，像一個節食的人，廚房裡最不需要的就是一個節食的人。我常常看見她蹲在那兒，腳邊圍滿生鮮，鬥盡心智排列組合，在最有限空間裡籌備出最大的寬容，冰箱門好像看牙醫的嘴開太久不斷嗶嗶叫，簡直像在哭了。感覺兩方都十分苦惱。
我認為運用如常的器物毋需特別汰換，也主張大家都不妨少吃一點。顯然我媽不作此想。她說：「總之我就是想要一臺大冰箱啦。」但如此一來，我反倒領悟了，這完全是某商品宣傳詞「豈止於大」（Bigger than bigger）的道理：一座夠大的新冰箱也豈止於冰箱，它是一種想像，一種意境，一種可能性，它富有召喚家庭生活最好願景的潛力。（改寫自黃麗群〈如果在冬天，一座新冰箱〉）
    冰箱可以很滿，可以很空，當你打開冰箱，通常想尋找什麼？又看見什麼？假如有一座屬於你的新冰箱，你會有怎樣的想像？冰藏什麼（虛實皆可）會符合你所期待的美好生活？請以「如果我有一座新冰箱」為題，撰文一篇，
文長至少600字。

","如果我有一座新冰箱



每個人的冰箱都是一座獨特的時光寶盒，承載著生活的溫度與期待。當我凝視著嶄新的銀灰色冰箱，彷彿看見了一個全新的生活藍圖正在展開。



在我想像中的新冰箱裡，一排排透明的保鮮盒整齊地陳列著，猶如一座精心策劃的微型展覽館。每個盒子都不只是單純地儲存食物，更像是收藏著不同的生活片段：為了慰勞疲憊的身心而準備的手工甜點，為了補充重訓後流失的營養而預備的高蛋白餐盒，甚至是為了即將到來的週末野餐而醃製的美味配菜。這些食物的擺放，正是對美好生活的一種期待與實踐。



冰箱，在我看來不僅是一台冷藏設備，更像是一面映照生活的鏡子。它忠實地記錄著使用者的生活軌跡：裡面擺放的食材能透露出主人的消費能力，整齊的分類反映出生活態度，而食物的選擇則暗示著健康意識與飲食偏好。當我看見一個冰箱內擺滿了新鮮的蔬果、優質的蛋白質來源，以及適量的美味甜點，我仿佛能描繪出一個追求均衡與品質生活的人物形象。



如果我擁有一座新冰箱，我會將它打造成一個充滿儀式感的生活空間。每個週末，我都會細心地整理、分類、標註保存期限，讓開啟冰箱門的每一刻都能帶來視覺的愉悅與心靈的滿足。我會在裡面預備充足的食材，不是出於對匱乏的恐懼，而是為了隨時能夠招待突然造訪的朋友，或是在靈感湧現時立即進行一場美食創作。



這座理想中的冰箱，更像是一個承載夢想的容器。它不只儲存食物，更收藏著對生活的想像與期待。在心情低落時，打開冰箱門看見井然有序的擺設，便能重拾生活的信心；在疲憊時，裡面醃製多時的美食，能立即為平淡的日常注入一絲暖意與驚喜。



一座新冰箱，不只是一個簡單的家電用品，而是一個凝聚生活理想的空間，一個實現品質生活的起點。在這個空間裡，每一樣食材都被賦予了意義，每一次開門都是一次對美好生活的期待與實踐。",4,4,4,4,4,20
