題目,作答,立意,結構,修辭,敘述,啟發,總分
"    糖對身體是有好處的，運動過後或飢餓時，適當地補充糖會讓我們迅速恢復體力。科學研究也發現，大腦細胞的能量來源主要來自葡萄糖，當血糖濃度降低時，大腦難以順利運轉，容易注意力不集中，學習或做事效果不佳。不過，哈佛醫學院等多個研究機構指出，高糖飲食會增加罹患乳癌及憂鬱症等疾病的風險；世界衛生組織也指出，高糖飲食是造成體重過重、第二型糖尿病、蛀牙、心臟病的元兇，並建議每日飲食中「添加糖」的攝取量不宜超過總熱量的10%。以每日熱量攝取量2000大卡為例，也就是50公克糖。我國國民健康署於民國103年至106年的「國民營養健康狀況變遷調查」中，有關國人飲用含糖飲料的結果顯示，國民中小學生在飲用比例上為各年齡之冠，其中男性又高於女性。
    基於國民營養及健康飲食原則，目前中小學校園禁止出現含糖飲料，以避免孩子在校園攝取過多糖份。但反對者認為，孩子回到家還是可能會喝含糖飲料，無法治本。
    對於「中、小學校園禁止含糖飲料」，你贊成或反對？請以「禁止含糖飲料進入中、小學之我見」為題，撰寫一篇文章，提出你的看法與論述。
文長至少600字。


","禁止含糖飲料進入中、小學之我見



在這個食品科技日新月異的時代，含糖飲料已然成為現代人生活中難以割捨的一部分。然而，當我們細究糖分對健康的影響時，我堅定支持在中小學校園禁止含糖飲料的政策，因為這不僅關乎學童的當下健康，更攸關下一代的健康素養培育。



首先，從醫學實證來看，過度攝取糖分確實與諸多慢性病息息相關。在我的家族中，就有多位長輩因長期攝取過多糖分而罹患糖尿病，不得不終身與胰島素為伴。這些切身的經驗讓我深刻體認到：及早建立正確的飲食觀念，遠比日後的疾病治療來得重要。青少年時期正值價值觀形塑的關鍵期，若能在此時建立正確的飲食習慣，將為往後的人生奠定健康基石。



其次，現今市面上的含糖飲料往往披著「健康」的外衣，實則暗藏危機。以果汁為例，許多號稱「純天然」的產品，實際上可能是被添加大量糖分的調味飲料，原汁含量往往不及百分之十。這種市場亂象更凸顯了校園禁售含糖飲料的必要性，因為學童往往缺乏辨識能力，容易被誤導而攝入過量糖分。



再者，雖然有人質疑校園禁售政策無法徹底解決問題，但我認為這是建立健康飲食文化的重要起點。學校作為教育場域，理應扮演示範與引導的角色。透過政策執行，不僅能直接減少學童在校期間的糖分攝取，更能藉此教育學童認識糖分對健康的影響，培養其自主管理的能力。



最後，要徹底解決含糖飲料的問題，確實需要多方協力。政府應該強化食品標示管理，嚴懲違規廠商；學校應該加強營養教育，培養學童的健康識能；家長則要以身作則，在家庭中建立良好的飲食習慣。唯有各方攜手合作，才能真正為下一代的健康把關。



面對日益嚴重的兒童肥胖與慢性病問題，校園禁售含糖飲料的政策雖非萬靈丹，卻是不可或缺的第一步。透過政策引導，配合教育宣導，相信必能逐步建立起健康的飲食文化，為下一代的健康奠定良好基礎。",4,4,4,4,4,20
