題目,作答,立意,結構,修辭,敘述,啟發,總分
"二十一世紀資訊量以驚人的速度暴增，有人認為網路資訊易於取得，會使記憶力與思考力衰退，不利於認知學習；也有人視網際網路為人類的外接大腦記憶體，意味著我們毋須記憶大量知識，可以專注在更重要、更有創造力的事物上。對於以上兩種不同的觀點，你的看法為何？請以「網海浮沉之我思」為題，結合自己的相關經驗，探討創造力與思考力之間的關係。
文長至少600字。

","網海浮沉之我思



在這個數位科技日新月異的時代，人工智慧與自動化系統正以前所未有的速度重塑著人類社會。每分每秒，海量的資訊在網路世界中流動，這既是機遇，也是挑戰。面對這樣的轉變，我們不禁要深思：究竟該如何在這片浩瀚的資訊海洋中，既善用科技之利，又不失去人類獨特的思考能力？



回顧個人經驗，網路科技確實為學習帶來革命性的改變。當我在準備專題報告時，不再受限於圖書館的開放時間，而能夠隨時查閱全球最新的研究資料；在解決問題時，各種線上學習平台提供了多元的思考角度，讓我能夠以更全面的視角來分析問題。這些便利不僅提升了學習效率，更重要的是開啟了知識獲取的新維度。



然而，在享受科技帶來便利的同時，我們也要警惕過度依賴所帶來的風險。人工智慧雖然強大，但它終究只是工具，而非思考的替代品。真正的學習不應該停留在資訊的表層搜尋，而是要透過深度思考，將零散的知識點串連成自己的知識網絡。這種深層的認知整合，正是人類思維最珍貴的特質。



創造力與思考力的關係就像是一座橋樑的兩端。網路資訊猶如建橋的材料，但要將這些材料轉化為穩固的知識之橋，必須經過批判性思考的淬煉。當我們能夠在汲取網路資源的同時，保持獨立思考的能力，就能夠在這片資訊海洋中開創屬於自己的航道。



面對未來，我們應該以更積極的態度來看待人工智慧與網路科技。它們不是威脅，而是擴展人類認知邊界的助力。關鍵在於我們要學會駕馭這些工具，讓它們成為強化思考力的催化劑，而非弱化思考力的麻醉劑。唯有如此，我們才能在這個數位時代保持競爭力，創造出更多的可能性。



在這片浩瀚的網海中，讓我們保持清醒的頭腦，既要善用科技之便，更要堅持思考之力。唯有在便利與思考之間找到平衡，我們才能真正駕馭這個數位時代，讓創造力與思考力相輔相成，綻放出更燦爛的光芒。",5,5,4,5,5,24
